[prachiOriginal - Copy.jpg]
filters=finetune2=1,0.081871,0.025263,0.160000,00000000,0.029240;
moddate=4ef2cdc25dccd401
width=877
height=1121
textactive=0
